0              0
430.279         4.1187
1290.82        16.4755
2581.56        41.1904
4302.4         82.383
6453.21        144.173
9033.8        230.679
12044        346.019
15483.5        494.309
19352        679.664
23649.2        906.196
28374.7        1178.01
33528.2        1499.23
39109.1        1873.94
45116.9        2306.24
51551.2        2800.25
58411.4        3360.03
65696.9        3989.69
73407         4693.3
81541        5474.94
90098.2        6338.68
99077.9        7288.59
108479        8328.72
118301        9463.13
128544        10695.8
139205        12030.9
150284        13472.4
161780        15024.2
173692        16690.5
186020        18475.2
198761        20382.3
211915        22415.7
225480        24579.6
239456        26877.7
253841        29314.2
268633        31892.8
283832        34617.6
299436        37492.4
315443        40521.2
331853        43707.8
348663        47056.2
365873        50570.1
383480        54253.5
401483        58110.2
419880        62143.9
438671        66358.6
457852        70757.9
477422        75345.8
497380        80125.8
517723        85101.8
538450        90277.5
559559        95656.7
581048         101243
602915         107040
625158         113051
647775         119281
670764         125732
694122         132408
717848         139314
741940         146452
766395         153825
791210         161438
816385         169295
841916         177397
867801         185750
894037         194356
920623         203219
947556         212341
974833         221728
1.00245e+06         231381
1.03041e+06         241305
1.05871e+06         251502
1.08733e+06         261975
1.11629e+06         272729
1.14558e+06         283766
1.1752e+06         295089
1.20514e+06         306702
1.2354e+06         318608
1.26597e+06         330810
1.29687e+06         343310
1.32807e+06         356113
1.35958e+06         369221
1.3914e+06         382636
1.42352e+06         396363
1.45595e+06         410404
1.48867e+06         424762
1.52168e+06         439440
1.55499e+06         454440
1.58858e+06         469766
1.62246e+06         485421
1.65662e+06         501407
1.69106e+06         517726
1.72577e+06         534382
1.76076e+06         551378
1.79602e+06         568716
1.83154e+06         586398
1.86732e+06         604428
1.90337e+06         622807
1.93966e+06         641539
1.97621e+06         660625
2.01301e+06         680069
2.05006e+06         699873
2.08735e+06         720039
2.12487e+06         740569
2.16263e+06         761467
2.20062e+06         782734
2.23884e+06         804372
2.27728e+06         826384
2.31595e+06         848771
2.35483e+06         871537
2.39392e+06         894684
2.43323e+06         918212
2.47274e+06         942125
2.51245e+06         966424
2.55236e+06         991112
2.59247e+06    1.01619e+06
2.63277e+06    1.04166e+06
2.67325e+06    1.06753e+06
2.71392e+06    1.09379e+06
2.75476e+06    1.12045e+06
2.79579e+06     1.1475e+06
2.83698e+06    1.17496e+06
2.87834e+06    1.20283e+06
2.91987e+06    1.23109e+06
2.96156e+06    1.25977e+06
3.0034e+06    1.28885e+06
3.0454e+06    1.31834e+06
3.08754e+06    1.34824e+06
3.12983e+06    1.37856e+06
3.17226e+06    1.40929e+06
3.21482e+06    1.44043e+06
3.25752e+06    1.47199e+06
3.30034e+06    1.50397e+06
3.34329e+06    1.53637e+06
3.38636e+06    1.56919e+06
3.42955e+06    1.60243e+06
3.47284e+06    1.63609e+06
3.51625e+06    1.67018e+06
3.55976e+06    1.70469e+06
3.60336e+06    1.73963e+06
3.64707e+06    1.77499e+06
3.69086e+06    1.81079e+06
3.73475e+06    1.84701e+06
3.77871e+06    1.88366e+06
3.82275e+06    1.92074e+06
3.86687e+06    1.95826e+06
3.91106e+06    1.99621e+06
3.95532e+06    2.03459e+06
3.99963e+06     2.0734e+06
4.04401e+06    2.11265e+06
4.08843e+06    2.15233e+06
4.13291e+06    2.19245e+06
4.17743e+06      2.233e+06
4.222e+06    2.27399e+06
4.2666e+06    2.31542e+06
4.31123e+06    2.35728e+06
4.35589e+06    2.39958e+06
4.40057e+06    2.44232e+06
4.44527e+06     2.4855e+06
4.48999e+06    2.52912e+06
4.53472e+06    2.57317e+06
4.57946e+06    2.61766e+06
4.62419e+06     2.6626e+06
4.66893e+06    2.70797e+06
4.71366e+06    2.75377e+06
4.75838e+06    2.80002e+06
4.80308e+06    2.84671e+06
4.84777e+06    2.89383e+06
4.89243e+06     2.9414e+06
4.93707e+06     2.9894e+06
4.98167e+06    3.03784e+06
5.02624e+06    3.08671e+06
5.07076e+06    3.13603e+06
5.11524e+06    3.18578e+06
5.15968e+06    3.23597e+06
5.20405e+06    3.28659e+06
5.24838e+06    3.33765e+06
5.29264e+06    3.38914e+06
5.33683e+06    3.44107e+06
5.38095e+06    3.49343e+06
5.425e+06    3.54623e+06
5.46897e+06    3.59945e+06
5.51286e+06    3.65311e+06
5.55666e+06     3.7072e+06
5.60037e+06    3.76172e+06
5.64398e+06    3.81667e+06
5.68749e+06    3.87205e+06
5.7309e+06    3.92785e+06
5.7742e+06    3.98408e+06
5.81739e+06    4.04073e+06
5.86046e+06    4.09781e+06
5.90341e+06    4.15532e+06
5.94624e+06    4.21324e+06
5.98894e+06    4.27158e+06
6.0315e+06    4.33035e+06
6.07393e+06    4.38953e+06
6.11621e+06    4.44913e+06
6.15835e+06    4.50914e+06
6.20035e+06    4.56957e+06
6.24218e+06    4.63041e+06
6.28386e+06    4.69166e+06
6.32538e+06    4.75332e+06
6.36673e+06    4.81539e+06
6.40792e+06    4.87786e+06
6.44893e+06    4.94074e+06
6.48976e+06    5.00402e+06
6.53041e+06     5.0677e+06
6.57088e+06    5.13179e+06
6.61115e+06    5.19627e+06
6.65123e+06    5.26114e+06
6.69112e+06    5.32641e+06
6.73081e+06    5.39207e+06
6.77029e+06    5.45812e+06
6.80956e+06    5.52456e+06
6.84862e+06    5.59138e+06
6.88746e+06    5.65859e+06
6.92608e+06    5.72618e+06
6.96448e+06    5.79415e+06
7.00266e+06     5.8625e+06
7.0406e+06    5.93122e+06
7.0783e+06    6.00031e+06
7.11577e+06    6.06978e+06
7.153e+06    6.13961e+06
7.18998e+06    6.20981e+06
7.22671e+06    6.28037e+06
7.26319e+06    6.35129e+06
7.29941e+06    6.42257e+06
7.33537e+06    6.49421e+06
7.37107e+06     6.5662e+06
7.40651e+06    6.63854e+06
7.44167e+06    6.71123e+06
7.47656e+06    6.78427e+06
7.51117e+06    6.85764e+06
7.5455e+06    6.93136e+06
7.57955e+06    7.00542e+06
7.61331e+06    7.07981e+06
7.64678e+06    7.15453e+06
7.67996e+06    7.22958e+06
7.71284e+06    7.30495e+06
7.74542e+06    7.38065e+06
7.7777e+06    7.45667e+06
7.80967e+06    7.53301e+06
7.84133e+06    7.60966e+06
7.87268e+06    7.68662e+06
7.90372e+06    7.76389e+06
7.93443e+06    7.84146e+06
7.96483e+06    7.91934e+06
7.9949e+06    7.99751e+06
8.02464e+06    8.07598e+06
8.05406e+06    8.15475e+06
8.08314e+06     8.2338e+06
8.11188e+06    8.31313e+06
8.14029e+06    8.39275e+06
8.16836e+06    8.47265e+06
8.19608e+06    8.55283e+06
8.22345e+06    8.63327e+06
8.25048e+06    8.71399e+06
8.27715e+06    8.79497e+06
8.30347e+06    8.87621e+06
8.32943e+06    8.95771e+06
8.35504e+06    9.03947e+06
8.38028e+06    9.12147e+06
8.40515e+06    9.20373e+06
8.42966e+06    9.28623e+06
8.4538e+06    9.36897e+06
8.47757e+06    9.45194e+06
8.50096e+06    9.53515e+06
8.52398e+06    9.61859e+06
8.54662e+06    9.70226e+06
8.56888e+06    9.78615e+06
8.59076e+06    9.87025e+06
8.61225e+06    9.95457e+06
8.63335e+06    1.00391e+07
8.65407e+06    1.01238e+07
8.67439e+06    1.02088e+07
8.69432e+06    1.02939e+07
8.71386e+06    1.03793e+07
8.733e+06    1.04648e+07
8.75174e+06    1.05505e+07
8.77008e+06    1.06364e+07
8.78802e+06    1.07225e+07
8.80556e+06    1.08088e+07
8.82269e+06    1.08952e+07
8.83941e+06    1.09818e+07
8.85572e+06    1.10685e+07
8.87163e+06    1.11555e+07
8.88712e+06    1.12425e+07
8.9022e+06    1.13298e+07
8.91686e+06    1.14171e+07
8.93111e+06    1.15047e+07
8.94494e+06    1.15923e+07
8.95835e+06    1.16801e+07
8.97134e+06    1.17681e+07
8.9839e+06    1.18561e+07
8.99605e+06    1.19443e+07
9.00777e+06    1.20326e+07
9.01907e+06     1.2121e+07
9.02994e+06    1.22095e+07
9.04038e+06    1.22981e+07
9.0504e+06    1.23869e+07
9.05998e+06    1.24757e+07
9.06914e+06    1.25646e+07
9.07786e+06    1.26536e+07
9.08616e+06    1.27427e+07
9.09402e+06    1.28319e+07
9.10145e+06    1.29212e+07
9.10844e+06    1.30105e+07
9.115e+06    1.30999e+07
9.12112e+06    1.31894e+07
9.12681e+06    1.32789e+07
9.13206e+06    1.33685e+07
9.13688e+06    1.34581e+07
9.14126e+06    1.35478e+07
9.1452e+06    1.36375e+07
9.1487e+06    1.37273e+07
9.15176e+06     1.3817e+07
9.15439e+06    1.39069e+07
9.15657e+06    1.39967e+07
9.15832e+06    1.40866e+07
9.15963e+06    1.41765e+07
9.1605e+06    1.42664e+07
9.16093e+06    1.43563e+07
9.16092e+06    1.44462e+07
9.16047e+06    1.45361e+07
9.15958e+06     1.4626e+07
9.15825e+06    1.47159e+07
9.15648e+06    1.48058e+07
9.15427e+06    1.48957e+07
9.15163e+06    1.49855e+07
9.14854e+06    1.50753e+07
9.14502e+06    1.51651e+07
9.14106e+06    1.52549e+07
9.13667e+06    1.53446e+07
9.13183e+06    1.54343e+07
9.12656e+06    1.55239e+07
9.12085e+06    1.56135e+07
9.11471e+06     1.5703e+07
9.10813e+06    1.57925e+07
9.10112e+06    1.58819e+07
9.09368e+06    1.59712e+07
9.0858e+06    1.60605e+07
9.07749e+06    1.61496e+07
9.06875e+06    1.62387e+07
9.05958e+06    1.63278e+07
9.04998e+06    1.64167e+07
9.03995e+06    1.65055e+07
9.02949e+06    1.65942e+07
9.01861e+06    1.66829e+07
9.0073e+06    1.67714e+07
8.99557e+06    1.68598e+07
8.98341e+06    1.69481e+07
8.97084e+06    1.70363e+07
8.95784e+06    1.71244e+07
8.94442e+06    1.72123e+07
8.93058e+06    1.73001e+07
8.91633e+06    1.73878e+07
8.90166e+06    1.74753e+07
8.88658e+06    1.75627e+07
8.87108e+06    1.76499e+07
8.85518e+06     1.7737e+07
8.83886e+06     1.7824e+07
8.82213e+06    1.79107e+07
8.805e+06    1.79974e+07
8.78747e+06    1.80838e+07
8.76953e+06    1.81701e+07
8.75119e+06    1.82562e+07
8.73245e+06    1.83421e+07
8.71331e+06    1.84279e+07
8.69378e+06    1.85134e+07
8.67385e+06    1.85988e+07
8.65353e+06    1.86839e+07
8.63282e+06    1.87689e+07
8.61172e+06    1.88537e+07
8.59023e+06    1.89383e+07
8.56836e+06    1.90226e+07
8.54611e+06    1.91068e+07
8.52348e+06    1.91907e+07
8.50047e+06    1.92744e+07
8.47709e+06    1.93579e+07
8.45333e+06    1.94412e+07
8.4292e+06    1.95242e+07
8.4047e+06     1.9607e+07
8.37983e+06    1.96896e+07
8.3546e+06    1.97719e+07
8.32901e+06     1.9854e+07
8.30306e+06    1.99358e+07
8.27675e+06    2.00174e+07
8.25009e+06    2.00987e+07
8.22308e+06    2.01798e+07
8.19572e+06    2.02606e+07
8.16801e+06    2.03411e+07
8.13995e+06    2.04214e+07
8.11156e+06    2.05014e+07
8.08282e+06    2.05811e+07
8.05375e+06    2.06605e+07
8.02435e+06    2.07397e+07
7.99462e+06    2.08186e+07
7.96456e+06    2.08972e+07
7.93417e+06    2.09755e+07
7.90346e+06    2.10535e+07
7.87244e+06    2.11312e+07
7.84109e+06    2.12086e+07
7.80944e+06    2.12857e+07
7.77747e+06    2.13625e+07
7.7452e+06     2.1439e+07
7.71262e+06    2.15152e+07
7.67974e+06     2.1591e+07
7.64657e+06    2.16666e+07
7.6131e+06    2.17418e+07
7.57934e+06    2.18167e+07
7.54528e+06    2.18913e+07
7.51095e+06    2.19656e+07
7.47633e+06    2.20395e+07
7.44143e+06    2.21131e+07
7.40626e+06    2.21863e+07
7.37082e+06    2.22592e+07
7.3351e+06    2.23318e+07
7.29912e+06     2.2404e+07
7.26288e+06    2.24759e+07
7.22638e+06    2.25474e+07
7.18963e+06    2.26186e+07
7.15262e+06    2.26894e+07
7.11537e+06    2.27598e+07
7.07787e+06    2.28299e+07
7.04013e+06    2.28997e+07
7.00215e+06    2.29691e+07
6.96393e+06    2.30381e+07
6.92549e+06    2.31067e+07
6.88682e+06     2.3175e+07
6.84792e+06    2.32429e+07
6.80881e+06    2.33104e+07
6.76948e+06    2.33776e+07
6.72993e+06    2.34444e+07
6.69018e+06    2.35107e+07
6.65022e+06    2.35768e+07
6.61006e+06    2.36424e+07
6.56971e+06    2.37076e+07
6.52915e+06    2.37725e+07
6.48841e+06    2.38369e+07
6.44749e+06     2.3901e+07
6.40638e+06    2.39647e+07
6.36509e+06     2.4028e+07
6.32362e+06    2.40908e+07
6.28199e+06    2.41533e+07
6.24019e+06    2.42154e+07
6.19822e+06    2.42771e+07
6.1561e+06    2.43384e+07
6.11381e+06    2.43992e+07
6.07138e+06    2.44597e+07
6.0288e+06    2.45198e+07
5.98608e+06    2.45794e+07
5.94322e+06    2.46387e+07
5.90022e+06    2.46975e+07
5.85709e+06    2.47559e+07
5.81383e+06    2.48139e+07
5.77044e+06    2.48715e+07
5.72694e+06    2.49287e+07
5.68332e+06    2.49855e+07
5.63959e+06    2.50418e+07
5.59576e+06    2.50977e+07
5.55182e+06    2.51532e+07
5.50777e+06    2.52083e+07
5.46364e+06     2.5263e+07
5.41941e+06    2.53172e+07
5.37509e+06     2.5371e+07
5.3307e+06    2.54244e+07
5.28622e+06    2.54774e+07
5.24166e+06    2.55299e+07
5.19704e+06     2.5582e+07
5.15235e+06    2.56337e+07
5.1076e+06     2.5685e+07
5.06278e+06    2.57358e+07
5.01792e+06    2.57862e+07
4.973e+06    2.58362e+07
4.92803e+06    2.58857e+07
4.88303e+06    2.59348e+07
4.83798e+06    2.59835e+07
4.79291e+06    2.60317e+07
4.7478e+06    2.60796e+07
4.70267e+06     2.6127e+07
4.65751e+06    2.61739e+07
4.61234e+06    2.62204e+07
4.56715e+06    2.62665e+07
4.52196e+06    2.63122e+07
4.47676e+06    2.63574e+07
4.43156e+06    2.64022e+07
4.38636e+06    2.64466e+07
4.34117e+06    2.64905e+07
4.296e+06     2.6534e+07
4.25084e+06    2.65771e+07
4.20569e+06    2.66197e+07
4.16058e+06    2.66619e+07
4.11549e+06    2.67037e+07
4.07043e+06    2.67451e+07
4.02541e+06     2.6786e+07
3.98043e+06    2.68265e+07
3.93549e+06    2.68666e+07
3.89061e+06    2.69062e+07
3.84577e+06    2.69454e+07
3.80099e+06    2.69842e+07
3.75628e+06    2.70225e+07
3.71163e+06    2.70604e+07
3.66705e+06    2.70979e+07
3.62254e+06     2.7135e+07
3.57811e+06    2.71717e+07
3.53376e+06    2.72079e+07
3.48949e+06    2.72437e+07
3.44532e+06    2.72791e+07
3.40124e+06    2.73141e+07
3.35725e+06    2.73486e+07
3.31337e+06    2.73827e+07
3.26959e+06    2.74164e+07
3.22593e+06    2.74497e+07
3.18237e+06    2.74826e+07
3.13894e+06    2.75151e+07
3.09562e+06    2.75471e+07
3.05243e+06    2.75788e+07
3.00937e+06      2.761e+07
2.96644e+06    2.76408e+07
2.92365e+06    2.76712e+07
2.881e+06    2.77012e+07
2.8385e+06    2.77308e+07
2.79614e+06      2.776e+07
2.75394e+06    2.77888e+07
2.71189e+06    2.78172e+07
2.67001e+06    2.78452e+07
2.62829e+06    2.78728e+07
2.58673e+06    2.78999e+07
2.54535e+06    2.79267e+07
2.50414e+06    2.79532e+07
2.46311e+06    2.79792e+07
2.42227e+06    2.80048e+07
2.38161e+06      2.803e+07
2.34114e+06    2.80549e+07
2.30086e+06    2.80794e+07
2.26079e+06    2.81034e+07
2.22091e+06    2.81272e+07
2.18124e+06    2.81505e+07
2.14177e+06    2.81734e+07
2.10252e+06     2.8196e+07
2.06349e+06    2.82182e+07
2.02467e+06    2.82401e+07
1.98608e+06    2.82615e+07
1.94771e+06    2.82826e+07
1.90957e+06    2.83034e+07
1.87167e+06    2.83237e+07
1.834e+06    2.83438e+07
1.79657e+06    2.83634e+07
1.75938e+06    2.83827e+07
1.72244e+06    2.84017e+07
1.68575e+06    2.84203e+07
1.64932e+06    2.84385e+07
1.61314e+06    2.84564e+07
1.57722e+06     2.8474e+07
1.54157e+06    2.84912e+07
1.50618e+06    2.85081e+07
1.47106e+06    2.85247e+07
1.43621e+06    2.85409e+07
1.40164e+06    2.85568e+07
1.36735e+06    2.85724e+07
1.33334e+06    2.85876e+07
1.29961e+06    2.86025e+07
1.26618e+06    2.86172e+07
1.23303e+06    2.86314e+07
1.20018e+06    2.86454e+07
1.16763e+06    2.86591e+07
1.13538e+06    2.86724e+07
1.10343e+06    2.86855e+07
1.07179e+06    2.86982e+07
1.04045e+06    2.87107e+07
1.00943e+06    2.87228e+07
978721    2.87347e+07
948331    2.87463e+07
918262    2.87576e+07
888515    2.87686e+07
859093    2.87793e+07
830001    2.87897e+07
801239    2.87999e+07
772810    2.88098e+07
744718    2.88194e+07
716964    2.88288e+07
689552    2.88379e+07
662483    2.88467e+07
635761    2.88553e+07
609387    2.88637e+07
583364    2.88717e+07
557695    2.88796e+07
532381    2.88872e+07
507425    2.88946e+07
482829    2.89017e+07
458596    2.89086e+07
434728    2.89153e+07
411226    2.89217e+07
388094    2.89279e+07
365332    2.89339e+07
342944    2.89397e+07
320931    2.89453e+07
299295    2.89507e+07
278039    2.89559e+07
257163    2.89608e+07
236671    2.89656e+07
216563    2.89702e+07
196842    2.89746e+07
177510    2.89788e+07
158568    2.89829e+07
140018    2.89867e+07
121862    2.89904e+07
104101    2.89939e+07
86737.6    2.89973e+07
69772.4    2.90004e+07
53207.4    2.90035e+07
37044.1    2.90063e+07
21283.9    2.90091e+07
5928.29    2.90116e+07
-9021.32    2.90141e+07
-23563.6    2.90164e+07
-37697.1    2.90185e+07
-51420.6    2.90205e+07
-64732.9    2.90224e+07
-77632.7    2.90242e+07
-90118.8    2.90259e+07
-102190    2.90274e+07
-113845    2.90288e+07
-125084    2.90302e+07
-135904    2.90314e+07
-146305    2.90325e+07
-156286    2.90335e+07
-165847    2.90345e+07
-174985    2.90353e+07
-183701    2.90361e+07
-191993    2.90367e+07
-199862    2.90373e+07
-207305    2.90379e+07
-214322    2.90383e+07
-220913    2.90388e+07
-227077    2.90391e+07
-232814    2.90394e+07
-238123    2.90396e+07
-243003    2.90398e+07
-247454      2.904e+07
-251475    2.90401e+07
-255067    2.90402e+07
-258228    2.90402e+07
-260960    2.90402e+07
-263260    2.90402e+07
-265129    2.90402e+07
-266567    2.90402e+07
-267574    2.90401e+07
-268149    2.90401e+07
-268293      2.904e+07
-268005      2.904e+07
-267286    2.90399e+07
-266135    2.90399e+07
-264553    2.90399e+07
-262540    2.90399e+07
-260095    2.90399e+07
-257220      2.904e+07
-253914    2.90401e+07
-250177    2.90402e+07
-246011    2.90404e+07
-241415    2.90406e+07
-236389    2.90408e+07
-230935    2.90411e+07
-225052    2.90415e+07
-218741    2.90419e+07
-212003    2.90424e+07
-204839     2.9043e+07
-197248    2.90436e+07
-189232    2.90443e+07
-180791    2.90451e+07
-171926     2.9046e+07
-162639     2.9047e+07
-152928     2.9048e+07
