3.844e+08              0
3.84365e+08     3.6792e+06
3.84295e+08    7.35807e+06
3.8419e+08    1.10363e+07
3.8405e+08    1.47135e+07
3.83876e+08    1.83893e+07
3.83666e+08    2.20635e+07
3.83421e+08    2.57357e+07
3.83142e+08    2.94055e+07
3.82827e+08    3.30726e+07
3.82478e+08    3.67368e+07
3.82094e+08    4.03976e+07
3.81675e+08    4.40547e+07
3.81221e+08    4.77078e+07
3.80733e+08    5.13565e+07
3.8021e+08    5.50006e+07
3.79652e+08    5.86397e+07
3.7906e+08    6.22734e+07
3.78433e+08    6.59014e+07
3.77771e+08    6.95235e+07
3.77075e+08    7.31391e+07
3.76345e+08    7.67482e+07
3.75581e+08    8.03502e+07
3.74782e+08    8.39449e+07
3.73949e+08    8.75319e+07
3.73081e+08    9.11109e+07
3.7218e+08    9.46816e+07
3.71245e+08    9.82437e+07
3.70276e+08    1.01797e+08
3.69273e+08    1.05341e+08
3.68236e+08    1.08875e+08
3.67166e+08    1.12399e+08
3.66062e+08    1.15913e+08
3.64925e+08    1.19416e+08
3.63755e+08    1.22909e+08
3.62551e+08     1.2639e+08
3.61314e+08     1.2986e+08
3.60044e+08    1.33318e+08
3.58741e+08    1.36763e+08
3.57406e+08    1.40196e+08
3.56037e+08    1.43616e+08
3.54636e+08    1.47024e+08
3.53203e+08    1.50417e+08
3.51737e+08    1.53797e+08
3.5024e+08    1.57163e+08
3.4871e+08    1.60514e+08
3.47148e+08    1.63851e+08
3.45554e+08    1.67173e+08
3.43929e+08    1.70479e+08
3.42273e+08     1.7377e+08
3.40585e+08    1.77045e+08
3.38865e+08    1.80303e+08
3.37115e+08    1.83546e+08
3.35334e+08    1.86771e+08
3.33522e+08    1.89979e+08
3.3168e+08     1.9317e+08
3.29807e+08    1.96343e+08
3.27904e+08    1.99498e+08
3.25971e+08    2.02634e+08
3.24009e+08    2.05752e+08
3.22016e+08    2.08852e+08
3.19994e+08    2.11932e+08
3.17942e+08    2.14992e+08
3.15862e+08    2.18033e+08
3.13752e+08    2.21054e+08
3.11614e+08    2.24054e+08
3.09447e+08    2.27034e+08
3.07252e+08    2.29993e+08
3.05029e+08    2.32931e+08
3.02777e+08    2.35847e+08
3.00498e+08    2.38742e+08
2.98191e+08    2.41615e+08
2.95857e+08    2.44466e+08
2.93496e+08    2.47294e+08
2.91108e+08    2.50099e+08
2.88693e+08    2.52881e+08
2.86251e+08     2.5564e+08
2.83783e+08    2.58376e+08
2.8129e+08    2.61087e+08
2.7877e+08    2.63775e+08
2.76225e+08    2.66439e+08
2.73654e+08    2.69077e+08
2.71059e+08    2.71691e+08
2.68438e+08     2.7428e+08
2.65793e+08    2.76844e+08
2.63124e+08    2.79382e+08
2.6043e+08    2.81895e+08
2.57712e+08    2.84381e+08
2.54971e+08    2.86841e+08
2.52206e+08    2.89275e+08
2.49418e+08    2.91682e+08
2.46607e+08    2.94062e+08
2.43774e+08    2.96415e+08
2.40918e+08    2.98741e+08
2.3804e+08    3.01039e+08
2.3514e+08    3.03309e+08
2.32219e+08    3.05551e+08
2.29276e+08    3.07766e+08
2.26313e+08    3.09951e+08
2.23328e+08    3.12108e+08
2.20323e+08    3.14236e+08
2.17298e+08    3.16335e+08
2.14253e+08    3.18405e+08
2.11188e+08    3.20446e+08
2.08104e+08    3.22456e+08
2.05e+08    3.24437e+08
2.01878e+08    3.26388e+08
1.98738e+08    3.28309e+08
1.95579e+08    3.30199e+08
1.92402e+08    3.32059e+08
1.89208e+08    3.33888e+08
1.85996e+08    3.35687e+08
1.82767e+08    3.37454e+08
1.79522e+08     3.3919e+08
1.7626e+08    3.40894e+08
1.72982e+08    3.42567e+08
1.69688e+08    3.44208e+08
1.66378e+08    3.45817e+08
1.63054e+08    3.47395e+08
1.59714e+08     3.4894e+08
1.5636e+08    3.50453e+08
1.52992e+08    3.51933e+08
1.49609e+08     3.5338e+08
1.46213e+08    3.54795e+08
1.42804e+08    3.56177e+08
1.39382e+08    3.57526e+08
1.35946e+08    3.58842e+08
1.32499e+08    3.60125e+08
1.2904e+08    3.61374e+08
1.25568e+08    3.62589e+08
1.22086e+08    3.63771e+08
1.18592e+08    3.64919e+08
1.15088e+08    3.66034e+08
1.11573e+08    3.67114e+08
1.08048e+08     3.6816e+08
1.04513e+08    3.69173e+08
1.00969e+08     3.7015e+08
9.74158e+07    3.71094e+08
9.38538e+07    3.72003e+08
9.02834e+07    3.72877e+08
8.67049e+07    3.73717e+08
8.31187e+07    3.74522e+08
7.9525e+07    3.75293e+08
7.59243e+07    3.76028e+08
7.23169e+07    3.76729e+08
6.8703e+07    3.77394e+08
6.50831e+07    3.78025e+08
6.14575e+07     3.7862e+08
5.78265e+07     3.7918e+08
5.41904e+07    3.79705e+08
5.05497e+07    3.80195e+08
4.69047e+07    3.80649e+08
4.32556e+07    3.81068e+08
3.96029e+07    3.81451e+08
3.59469e+07    3.81799e+08
3.22879e+07    3.82112e+08
2.86263e+07    3.82389e+08
2.49624e+07     3.8263e+08
2.12966e+07    3.82836e+08
1.76292e+07    3.83006e+08
1.39606e+07    3.83141e+08
1.02911e+07     3.8324e+08
6.62108e+06    3.83303e+08
2.95087e+06    3.83331e+08
-719180    3.83323e+08
-4.38872e+06    3.83279e+08
-8.05741e+06      3.832e+08
-1.17249e+07    3.83085e+08
-1.53908e+07    3.82934e+08
-1.90548e+07    3.82748e+08
-2.27166e+07    3.82526e+08
-2.63758e+07    3.82269e+08
-3.0032e+07    3.81976e+08
-3.3685e+07    3.81647e+08
-3.73343e+07    3.81283e+08
-4.09796e+07    3.80884e+08
-4.46206e+07    3.80449e+08
-4.82569e+07    3.79979e+08
-5.18881e+07    3.79473e+08
-5.5514e+07    3.78932e+08
-5.91342e+07    3.78356e+08
-6.27484e+07    3.77744e+08
-6.63561e+07    3.77098e+08
-6.9957e+07    3.76416e+08
-7.35509e+07      3.757e+08
-7.71374e+07    3.74948e+08
-8.0716e+07    3.74162e+08
-8.42866e+07    3.73341e+08
-8.78486e+07    3.72485e+08
-9.14019e+07    3.71594e+08
-9.49461e+07    3.70669e+08
-9.84807e+07    3.69709e+08
-1.02006e+08    3.68716e+08
-1.0552e+08    3.67687e+08
-1.09025e+08    3.66625e+08
-1.12518e+08    3.65528e+08
-1.16e+08    3.64398e+08
-1.19471e+08    3.63234e+08
-1.2293e+08    3.62036e+08
-1.26377e+08    3.60804e+08
-1.29811e+08    3.59539e+08
-1.33232e+08     3.5824e+08
-1.36641e+08    3.56909e+08
-1.40036e+08    3.55544e+08
-1.43417e+08    3.54146e+08
-1.46784e+08    3.52715e+08
-1.50136e+08    3.51251e+08
-1.53474e+08    3.49755e+08
-1.56797e+08    3.48226e+08
-1.60104e+08    3.46665e+08
-1.63396e+08    3.45072e+08
-1.66672e+08    3.43447e+08
-1.69931e+08     3.4179e+08
-1.73174e+08    3.40102e+08
-1.76399e+08    3.38382e+08
-1.79608e+08     3.3663e+08
-1.82799e+08    3.34847e+08
-1.85972e+08    3.33034e+08
-1.89127e+08    3.31189e+08
-1.92263e+08    3.29314e+08
-1.95381e+08    3.27408e+08
-1.98479e+08    3.25472e+08
-2.01558e+08    3.23506e+08
-2.04618e+08     3.2151e+08
-2.07657e+08    3.19485e+08
-2.10676e+08     3.1743e+08
-2.13675e+08    3.15345e+08
-2.16653e+08    3.13231e+08
-2.19609e+08    3.11089e+08
-2.22545e+08    3.08918e+08
-2.25458e+08    3.06718e+08
-2.2835e+08     3.0449e+08
-2.31219e+08    3.02234e+08
-2.34066e+08     2.9995e+08
-2.36891e+08    2.97638e+08
-2.39692e+08    2.95299e+08
-2.42469e+08    2.92933e+08
-2.45224e+08    2.90539e+08
-2.47954e+08     2.8812e+08
-2.5066e+08    2.85673e+08
-2.53342e+08    2.83201e+08
-2.55999e+08    2.80702e+08
-2.58631e+08    2.78178e+08
-2.61239e+08    2.75628e+08
-2.6382e+08    2.73052e+08
-2.66377e+08    2.70452e+08
-2.68907e+08    2.67827e+08
-2.71411e+08    2.65178e+08
-2.73889e+08    2.62504e+08
-2.7634e+08    2.59806e+08
-2.78765e+08    2.57085e+08
-2.81162e+08     2.5434e+08
-2.83532e+08    2.51572e+08
-2.85875e+08    2.48781e+08
-2.88189e+08    2.45967e+08
-2.90476e+08    2.43131e+08
-2.92735e+08    2.40272e+08
-2.94965e+08    2.37392e+08
-2.97167e+08     2.3449e+08
-2.9934e+08    2.31567e+08
-3.01484e+08    2.28623e+08
-3.03598e+08    2.25659e+08
-3.05683e+08    2.22674e+08
-3.07739e+08    2.19668e+08
-3.09765e+08    2.16643e+08
-3.1176e+08    2.13599e+08
-3.13726e+08    2.10535e+08
-3.15661e+08    2.07452e+08
-3.17566e+08     2.0435e+08
-3.1944e+08    2.01231e+08
-3.21283e+08    1.98093e+08
-3.23094e+08    1.94937e+08
-3.24875e+08    1.91764e+08
-3.26624e+08    1.88574e+08
-3.28341e+08    1.85367e+08
-3.30027e+08    1.82143e+08
-3.31681e+08    1.78903e+08
-3.33303e+08    1.75648e+08
-3.34892e+08    1.72376e+08
-3.36449e+08     1.6909e+08
-3.37973e+08    1.65788e+08
-3.39465e+08    1.62472e+08
-3.40924e+08    1.59142e+08
-3.4235e+08    1.55798e+08
-3.43743e+08     1.5244e+08
-3.45103e+08    1.49069e+08
-3.46429e+08    1.45684e+08
-3.47722e+08    1.42287e+08
-3.48982e+08    1.38878e+08
-3.50207e+08    1.35457e+08
-3.51399e+08    1.32024e+08
-3.52557e+08     1.2858e+08
-3.5368e+08    1.25124e+08
-3.5477e+08    1.21658e+08
-3.55825e+08    1.18182e+08
-3.56846e+08    1.14696e+08
-3.57833e+08      1.112e+08
-3.58785e+08    1.07694e+08
-3.59702e+08     1.0418e+08
-3.60585e+08    1.00657e+08
-3.61433e+08    9.71258e+07
-3.62246e+08    9.35866e+07
-3.63024e+08    9.00397e+07
-3.63767e+08    8.64856e+07
-3.64475e+08    8.29245e+07
-3.65148e+08    7.93569e+07
-3.65786e+08     7.5783e+07
-3.66388e+08    7.22031e+07
-3.66955e+08    6.86178e+07
-3.67487e+08    6.50272e+07
-3.67983e+08    6.14317e+07
-3.68444e+08    5.78317e+07
-3.68869e+08    5.42276e+07
-3.69259e+08    5.06196e+07
-3.69613e+08    4.70082e+07
-3.69932e+08    4.33936e+07
-3.70215e+08    3.97763e+07
-3.70462e+08    3.61565e+07
-3.70674e+08    3.25346e+07
-3.7085e+08     2.8911e+07
-3.7099e+08     2.5286e+07
-3.71095e+08      2.166e+07
-3.71164e+08    1.80333e+07
-3.71197e+08    1.44063e+07
-3.71195e+08    1.07792e+07
-3.71157e+08    7.15258e+06
-3.71083e+08    3.52663e+06
-3.70973e+08       -98271.4
-3.70828e+08   -3.72176e+06
-3.70647e+08    -7.3435e+06
-3.70431e+08   -1.09631e+07
-3.70179e+08   -1.45803e+07
-3.69891e+08   -1.81947e+07
-3.69568e+08   -2.18059e+07
-3.69209e+08   -2.54137e+07
-3.68815e+08   -2.90176e+07
-3.68385e+08   -3.26173e+07
-3.6792e+08   -3.62125e+07
-3.6742e+08   -3.98028e+07
-3.66884e+08    -4.3388e+07
-3.66314e+08   -4.69675e+07
-3.65708e+08   -5.05411e+07
-3.65067e+08   -5.41086e+07
-3.64391e+08   -5.76694e+07
-3.6368e+08   -6.12233e+07
-3.62934e+08   -6.47699e+07
-3.62153e+08   -6.83089e+07
-3.61337e+08     -7.184e+07
-3.60487e+08   -7.53627e+07
-3.59603e+08   -7.88769e+07
-3.58684e+08   -8.23821e+07
-3.5773e+08   -8.58781e+07
-3.56742e+08   -8.93644e+07
-3.5572e+08   -9.28407e+07
-3.54664e+08   -9.63068e+07
-3.53574e+08   -9.97622e+07
-3.5245e+08   -1.03207e+08
-3.51292e+08    -1.0664e+08
-3.50101e+08   -1.10062e+08
-3.48876e+08   -1.13471e+08
-3.47618e+08   -1.16869e+08
-3.46326e+08   -1.20254e+08
-3.45002e+08   -1.23626e+08
-3.43644e+08   -1.26984e+08
-3.42253e+08    -1.3033e+08
-3.4083e+08   -1.33661e+08
-3.39374e+08   -1.36978e+08
-3.37886e+08   -1.40281e+08
-3.36365e+08   -1.43569e+08
-3.34812e+08   -1.46841e+08
-3.33227e+08   -1.50099e+08
-3.3161e+08    -1.5334e+08
-3.29962e+08   -1.56566e+08
-3.28282e+08   -1.59775e+08
-3.2657e+08   -1.62968e+08
-3.24828e+08   -1.66144e+08
-3.23054e+08   -1.69302e+08
-3.21249e+08   -1.72443e+08
-3.19414e+08   -1.75566e+08
-3.17548e+08   -1.78671e+08
-3.15652e+08   -1.81757e+08
-3.13726e+08   -1.84825e+08
-3.1177e+08   -1.87874e+08
-3.09784e+08   -1.90903e+08
-3.07768e+08   -1.93913e+08
-3.05723e+08   -1.96903e+08
-3.03649e+08   -1.99873e+08
-3.01546e+08   -2.02822e+08
-2.99414e+08   -2.05751e+08
-2.97253e+08   -2.08658e+08
-2.95065e+08   -2.11545e+08
-2.92848e+08   -2.14409e+08
-2.90603e+08   -2.17252e+08
-2.8833e+08   -2.20073e+08
-2.8603e+08   -2.22872e+08
-2.83702e+08   -2.25648e+08
-2.81348e+08   -2.28401e+08
-2.78966e+08   -2.31131e+08
-2.76558e+08   -2.33838e+08
-2.74124e+08   -2.36521e+08
-2.71663e+08    -2.3918e+08
-2.69177e+08   -2.41815e+08
-2.66665e+08   -2.44426e+08
-2.64127e+08   -2.47012e+08
-2.61564e+08   -2.49573e+08
-2.58977e+08   -2.52109e+08
-2.56364e+08    -2.5462e+08
-2.53727e+08   -2.57105e+08
-2.51066e+08   -2.59565e+08
-2.48381e+08   -2.61998e+08
-2.45673e+08   -2.64405e+08
-2.42941e+08   -2.66786e+08
-2.40185e+08    -2.6914e+08
-2.37407e+08   -2.71467e+08
-2.34606e+08   -2.73766e+08
-2.31783e+08   -2.76039e+08
-2.28938e+08   -2.78284e+08
-2.26071e+08   -2.80501e+08
-2.23182e+08    -2.8269e+08
-2.20272e+08   -2.84851e+08
-2.17341e+08   -2.86983e+08
-2.14389e+08   -2.89087e+08
-2.11417e+08   -2.91162e+08
-2.08425e+08   -2.93209e+08
-2.05413e+08   -2.95226e+08
-2.02381e+08   -2.97213e+08
-1.9933e+08   -2.99171e+08
-1.9626e+08     -3.011e+08
-1.93171e+08   -3.02998e+08
-1.90063e+08   -3.04867e+08
-1.86938e+08   -3.06705e+08
-1.83794e+08   -3.08513e+08
-1.80633e+08    -3.1029e+08
-1.77455e+08   -3.12036e+08
-1.7426e+08   -3.13752e+08
-1.71048e+08   -3.15436e+08
-1.6782e+08   -3.17089e+08
-1.64576e+08   -3.18711e+08
-1.61316e+08   -3.20301e+08
-1.5804e+08    -3.2186e+08
-1.5475e+08   -3.23387e+08
-1.51444e+08   -3.24882e+08
-1.48124e+08   -3.26344e+08
-1.4479e+08   -3.27775e+08
-1.41442e+08   -3.29173e+08
-1.38081e+08   -3.30539e+08
-1.34706e+08   -3.31872e+08
-1.31318e+08   -3.33172e+08
-1.27918e+08    -3.3444e+08
-1.24505e+08   -3.35674e+08
-1.2108e+08   -3.36875e+08
-1.17644e+08   -3.38044e+08
-1.14196e+08   -3.39178e+08
-1.10737e+08    -3.4028e+08
-1.07268e+08   -3.41348e+08
-1.03788e+08   -3.42382e+08
-1.00298e+08   -3.43383e+08
-9.67983e+07    -3.4435e+08
-9.32892e+07   -3.45283e+08
-8.97711e+07   -3.46182e+08
-8.62442e+07   -3.47047e+08
-8.27089e+07   -3.47878e+08
-7.91656e+07   -3.48674e+08
-7.56144e+07   -3.49436e+08
-7.20559e+07   -3.50164e+08
-6.84902e+07   -3.50858e+08
-6.49178e+07   -3.51517e+08
-6.1339e+07   -3.52142e+08
-5.7754e+07   -3.52732e+08
-5.41633e+07   -3.53287e+08
-5.05672e+07   -3.53808e+08
-4.69659e+07   -3.54294e+08
-4.33599e+07   -3.54745e+08
-3.97495e+07   -3.55161e+08
-3.6135e+07   -3.55543e+08
-3.25167e+07   -3.55889e+08
-2.8895e+07   -3.56201e+08
-2.52702e+07   -3.56477e+08
-2.16427e+07   -3.56719e+08
-1.80127e+07   -3.56926e+08
-1.43807e+07   -3.57097e+08
-1.07469e+07   -3.57234e+08
-7.11177e+06   -3.57336e+08
-3.47554e+06   -3.57402e+08
161429   -3.57434e+08
3.79879e+06    -3.5743e+08
7.43621e+06   -3.57391e+08
1.10733e+07   -3.57317e+08
1.47099e+07   -3.57209e+08
1.83454e+07   -3.57065e+08
2.19797e+07   -3.56886e+08
2.56124e+07   -3.56672e+08
2.92431e+07   -3.56423e+08
3.28715e+07   -3.56139e+08
3.64973e+07   -3.55821e+08
4.01201e+07   -3.55467e+08
4.37397e+07   -3.55079e+08
4.73555e+07   -3.54655e+08
5.09675e+07   -3.54197e+08
5.45751e+07   -3.53704e+08
5.81781e+07   -3.53176e+08
6.17762e+07   -3.52614e+08
6.53689e+07   -3.52017e+08
6.8956e+07   -3.51386e+08
7.25372e+07    -3.5072e+08
7.61121e+07   -3.50019e+08
7.96803e+07   -3.49284e+08
8.32417e+07   -3.48515e+08
8.67957e+07   -3.47712e+08
9.03422e+07   -3.46874e+08
9.38807e+07   -3.46003e+08
9.7411e+07   -3.45097e+08
1.00933e+08   -3.44157e+08
1.04446e+08   -3.43184e+08
1.07949e+08   -3.42177e+08
1.11443e+08   -3.41136e+08
1.14927e+08   -3.40062e+08
1.18401e+08   -3.38954e+08
1.21865e+08   -3.37813e+08
1.25318e+08   -3.36638e+08
1.28759e+08   -3.35431e+08
1.32189e+08    -3.3419e+08
1.35608e+08   -3.32917e+08
1.39014e+08    -3.3161e+08
1.42408e+08   -3.30271e+08
1.45789e+08   -3.28899e+08
1.49157e+08   -3.27495e+08
1.52512e+08   -3.26059e+08
1.55853e+08    -3.2459e+08
1.5918e+08    -3.2309e+08
1.62493e+08   -3.21557e+08
1.65791e+08   -3.19993e+08
1.69075e+08   -3.18397e+08
1.72343e+08   -3.16769e+08
1.75596e+08    -3.1511e+08
1.78834e+08    -3.1342e+08
1.82055e+08   -3.11699e+08
1.8526e+08   -3.09947e+08
1.88448e+08   -3.08164e+08
1.91619e+08   -3.06351e+08
1.94773e+08   -3.04508e+08
1.97909e+08   -3.02634e+08
2.01028e+08    -3.0073e+08
2.04129e+08   -2.98796e+08
2.07211e+08   -2.96832e+08
2.10275e+08   -2.94839e+08
2.13319e+08   -2.92817e+08
2.16345e+08   -2.90765e+08
2.19351e+08   -2.88684e+08
2.22337e+08   -2.86575e+08
2.25303e+08   -2.84437e+08
2.28249e+08    -2.8227e+08
2.31174e+08   -2.80075e+08
2.34079e+08   -2.77853e+08
2.36962e+08   -2.75602e+08
2.39824e+08   -2.73324e+08
2.42664e+08   -2.71018e+08
2.45482e+08   -2.68686e+08
2.48279e+08   -2.66326e+08
2.51052e+08   -2.63939e+08
2.53803e+08   -2.61526e+08
2.56532e+08   -2.59087e+08
2.59237e+08   -2.56621e+08
2.61918e+08    -2.5413e+08
2.64576e+08   -2.51612e+08
2.6721e+08    -2.4907e+08
2.6982e+08   -2.46502e+08
2.72405e+08   -2.43909e+08
2.74966e+08   -2.41291e+08
2.77502e+08   -2.38649e+08
2.80013e+08   -2.35983e+08
2.82498e+08   -2.33293e+08
2.84958e+08   -2.30578e+08
2.87392e+08   -2.27841e+08
2.898e+08   -2.25079e+08
2.92182e+08   -2.22295e+08
2.94538e+08   -2.19488e+08
2.96866e+08   -2.16659e+08
2.99168e+08   -2.13807e+08
3.01443e+08   -2.10933e+08
3.0369e+08   -2.08038e+08
3.0591e+08   -2.05121e+08
3.08103e+08   -2.02182e+08
3.10267e+08   -1.99223e+08
3.12403e+08   -1.96243e+08
3.14511e+08   -1.93243e+08
3.1659e+08   -1.90222e+08
3.18641e+08   -1.87181e+08
3.20662e+08   -1.84121e+08
3.22655e+08   -1.81042e+08
3.24618e+08   -1.77943e+08
3.26552e+08   -1.74826e+08
3.28457e+08    -1.7169e+08
3.30331e+08   -1.68536e+08
3.32176e+08   -1.65364e+08
3.3399e+08   -1.62174e+08
3.35774e+08   -1.58967e+08
3.37528e+08   -1.55743e+08
3.39251e+08   -1.52502e+08
3.40943e+08   -1.49244e+08
3.42604e+08    -1.4597e+08
3.44234e+08   -1.42681e+08
3.45833e+08   -1.39376e+08
3.474e+08   -1.36055e+08
3.48936e+08    -1.3272e+08
3.5044e+08    -1.2937e+08
3.51912e+08   -1.26005e+08
3.53352e+08   -1.22626e+08
3.5476e+08   -1.19234e+08
3.56136e+08   -1.15828e+08
3.57479e+08   -1.12409e+08
3.5879e+08   -1.08977e+08
3.60069e+08   -1.05533e+08
3.61314e+08   -1.02076e+08
3.62527e+08   -9.86071e+07
3.63707e+08   -9.51268e+07
3.64853e+08   -9.16352e+07
3.65966e+08   -8.81327e+07
3.67047e+08   -8.46194e+07
3.68093e+08   -8.10959e+07
3.69106e+08   -7.75623e+07
3.70086e+08    -7.4019e+07
3.71032e+08   -7.04663e+07
3.71944e+08   -6.69046e+07
3.72822e+08   -6.33341e+07
3.73666e+08   -5.97552e+07
3.74476e+08   -5.61682e+07
3.75252e+08   -5.25735e+07
3.75994e+08   -4.89714e+07
3.76702e+08   -4.53621e+07
3.77375e+08    -4.1746e+07
3.78014e+08   -3.81235e+07
3.78618e+08   -3.44949e+07
3.79188e+08   -3.08605e+07
3.79723e+08   -2.72206e+07
3.80224e+08   -2.35756e+07
3.8069e+08   -1.99258e+07
3.81121e+08   -1.62716e+07
3.81517e+08   -1.26132e+07
3.81879e+08   -8.95096e+06
3.82205e+08    -5.2853e+06
3.82497e+08   -1.61651e+06
3.82754e+08    2.05508e+06
3.82976e+08    5.72914e+06
3.83163e+08    9.40532e+06
3.83315e+08    1.30833e+07
3.83432e+08    1.67627e+07
3.83514e+08    2.04433e+07
3.83561e+08    2.41246e+07
3.83572e+08    2.78064e+07
3.83549e+08    3.14883e+07
3.83491e+08      3.517e+07
3.83397e+08    3.88511e+07
3.83269e+08    4.25313e+07
3.83105e+08    4.62103e+07
3.82907e+08    4.98877e+07
3.82673e+08    5.35632e+07
3.82405e+08    5.72365e+07
3.82101e+08    6.09072e+07
3.81763e+08    6.45749e+07
3.81389e+08    6.82395e+07
3.80981e+08    7.19004e+07
3.80537e+08    7.55574e+07
3.80059e+08    7.92102e+07
3.79546e+08    8.28583e+07
3.78999e+08    8.65016e+07
3.78416e+08    9.01396e+07
3.77799e+08    9.37719e+07
3.77147e+08    9.73984e+07
3.76461e+08    1.01019e+08
3.7574e+08    1.04632e+08
3.74985e+08    1.08239e+08
3.74196e+08    1.11838e+08
